(1.6121546233821669, 3.164662495720888, 61.93134863943723)
(1.5657668660113242, 3.167282388493466, 61.96663877151431)
(1.468963298400487, 3.1698334643407637, 62.0237766287684)
(1.3632840287589354, 3.1595187005757017, 62.076518700579165)
(1.2336492237537449, 3.134547202455468, 62.12815317984431)
(1.0647493064075284, 3.1211332896177466, 62.20021423200791)
(0.9534594012082456, 3.118756501424722, 62.240775649729414)
(0.8477790971158511, 3.1156783378543262, 62.2708536433542)
(0.7403005851693936, 3.104912059571609, 62.27197893649966)
(25.02581699873816, 9.466464848346096, 56.037197517307554)
(25.272916579858286, 9.432975727915673, 56.056535957189965)
(25.47241958486685, 9.390294285141994, 56.017626029449104)
(25.792582203360432, 9.30148961273935, 55.89802317066885)
(8.1673789082108, -4.554141217617246, 64.24943238467505)
(3.6998875450362587, -2.245646638064368, 66.14564858467772)
(3.542792712748626, -2.187088228085477, 66.21524260741266)
(3.356573047723851, -2.074353473403161, 66.32164039735399)
(3.155949012097587, -1.9566648304386334, 66.3907765485732)
(2.9770833131327943, -1.833179034505283, 66.44280848644432)
(2.853826880199005, -1.6919536578999408, 66.47385615793303)
(2.810391138167084, -1.5287682125093522, 66.51789058339374)
(2.8328835929654486, -1.4015989092558359, 66.53864258745386)
(2.9068999972611222, -1.2597606602609295, 66.54240161819928)
(3.025088219636244, -1.1530815812645558, 66.50598772744185)
(3.1809533725884602, -1.0553550756580448, 66.4803197982655)
(3.3958192654765353, -0.9637904400685559, 66.4750923009931)
(9.066014791274068, -0.7910223697080093, 66.24563332896408)
(9.274557756475941, -0.8303525552039346, 66.21233778915295)
(9.449537307350395, -0.8763739092965718, 66.18761872971086)
(9.52824698814734, -0.924418707746948, 66.17861760420601)
(9.542300513368973, -0.9555245537526517, 66.18953852662855)
(9.46902158244147, -0.967061889931999, 66.2264114859881)
(9.192826631194375, -0.9578222008255333, 66.33724372582377)
(8.91524545558315, -0.948694225699764, 66.43842659934907)
(8.525781690999175, -0.918443048922414, 66.59415701292257)
(8.24014279848285, -0.91477426456585, 66.67867755468484)
(7.996151520759263, -0.8945064384822289, 66.7607863343018)
(7.753461654126011, -0.8703367524079382, 66.85456579280549)
(6.619648062264495, -0.680324416248603, 67.182120941808)
(6.399592494589685, -0.6312492231158909, 67.2445854690717)
(6.116778953437815, -0.5616456467256697, 67.33233349654712)
(5.826508232864995, -0.4985402187346376, 67.40843210843184)
(5.5199957156884, -0.4210180555948484, 67.52351249665215)
(5.171576022835279, -0.3491789372185745, 67.63924114851704)
(4.874942914838338, -0.29023025247217815, 67.72674071337735)
(4.7157257094565495, -0.2448782378324453, 67.77946000508209)
(4.584293856276717, -0.21259394567287243, 67.823134225989)
(4.4771621919673645, -0.17738154259870384, 67.85775004153378)
(4.388836758269728, -0.13389245102906921, 67.89646895333516)
(4.33816586129797, -0.11863588052320673, 67.90291678085907)
(4.3009928699336815, -0.13652699373069807, 67.90474524750412)
(4.266405652958401, -0.18235878015245924, 67.87631144334544)
(4.2095803789722135, -0.21568600957691117, 67.85246657729519)
(4.105648835999492, -0.26405669316449853, 67.85626449564062)
(3.9735876974060744, -0.31752183451433197, 67.86378350836921)
(3.8320178267726503, -0.37562803374058745, 67.88545759000796)
(3.6618832698711916, -0.4488550856799695, 67.91157217940068)
(3.5100357405004, -0.5251107019216592, 67.93575711115331)
(3.3610162492921014, -0.5746074176885742, 67.97940686204849)
(3.214712783031414, -0.5991022182568507, 68.04384507063024)
(3.181900577669539, -0.5793670560382514, 68.06750424536074)
(3.182095645865816, -0.5670146163469717, 68.09999880545993)
(3.1994149799292413, -0.5360735762456497, 68.13222691336514)
(3.226320563757787, -0.4911990614158246, 68.16763137583939)
(3.2440468165217546, -0.4349374003164808, 68.18955881659467)
(3.2402524404212243, -0.35467578105859554, 68.21385630651825)
(3.237802748017338, -0.24894545906955423, 68.25483820194565)
(3.2106823825961577, -0.1755843053337703, 68.25883254589914)
(5.052734331246158, 1.6907301289563295, 65.89731608109267)
(4.686626286545859, 1.5685980217603945, 65.87199243853449)
(4.447612182427706, 1.4972522548818377, 65.86462646956973)
(4.153743207253725, 1.4876632026495198, 65.89369059030591)
(3.8190260152649156, 1.5180645443266132, 65.92954476556284)
(3.5852765565550704, 1.570006036628974, 65.96653135993859)
(3.423232254639718, 1.65312673627132, 66.03310388508599)
(3.3379005598586984, 1.743443934472648, 66.08540123852572)
(3.2874802381072254, 1.8293019077739743, 66.1254782712497)
(3.2580698021355503, 1.8575603337075715, 66.13625726156619)
(3.183808316776293, 1.8927090218399447, 66.1547846655701)
(3.0846991050618664, 1.9682556133774534, 66.18567586067812)
(3.0183787069502164, 2.046549793090477, 66.21296245310445)
(2.989329385735312, 2.052973355475748, 66.22483561297715)
(2.945848414356019, 2.0381310634245655, 66.2362639314351)
(2.8830025433671986, 1.9977618031003224, 66.21107555886988)
(2.713534365126375, 1.913476120320918, 66.25777212566894)
(2.5002373196806147, 1.8340755918490743, 66.25949047990439)
(2.266794656996647, 1.7920482850560886, 66.28917149457575)
(2.074637480688749, 1.755762872296047, 66.31102299900253)
(1.916238480266198, 1.6782780234029189, 66.31839314589013)
(1.8001667542764384, 1.5819300061493657, 66.32502977836985)
(1.6752627651999445, 1.475040556214221, 66.33037591989799)
(1.5620269320143338, 1.3583873828607178, 66.33471920162633)
(1.4928758308457395, 1.3137804498800925, 66.37224795302542)
(1.5160327666366116, 1.3291919259294465, 66.34847333635143)
(1.6118447872070727, 1.3670551521874008, 66.3709106384498)
(1.6806126410177284, 1.4535971144617061, 66.41166160215684)
(1.7560734350983906, 1.5915576850127422, 66.46921914049331)
(1.7992754758893503, 1.6969102228909265, 66.51186518979263)
(1.9901886551990913, 1.7349336440082466, 66.52646782558246)
(2.2289760958456366, 1.796881829586527, 66.5334499257456)
(2.495866286870245, 1.8677999888166397, 66.57039516380581)
(2.699145174570002, 1.913881170056432, 66.61069694331356)
(2.911447189139973, 1.92950428991958, 66.64945878342779)
(3.1139570418451386, 1.920185227401057, 66.69838964190562)
(3.334229252619082, 1.8419833021452705, 66.74266134940538)
(3.4721517167928377, 1.7370915971273801, 66.78657824790496)
(3.600186770324686, 1.6530960306728326, 66.85031040676736)
(3.5591272858341916, 1.6018960182210973, 66.91915598877785)
(3.446680243648526, 1.3140566425131774, 66.95758177081746)
(3.3078658348881107, 1.0145690799560134, 66.98979664623698)
(3.155115524115832, 0.6851996118329879, 67.0004956200833)
(3.018541241892849, 0.4394313353011617, 67.01539170099988)
(2.8781859262902, 0.22483976125966798, 67.04052743266418)
(2.768827833502751, 0.026362097182876257, 67.04657008069731)
(2.6621890523480176, -0.1706762905053055, 67.03732135786565)
(2.5599070443276815, -0.3607442129449355, 67.03169473588405)
(2.514221892756838, -0.47002151269258674, 67.02259807984463)
(2.526833688740375, -0.35136375181435414, 67.0612105863002)
(2.572866587908899, -0.22268932127061003, 67.08761714600894)
(2.6451818077835836, -0.08628748150150597, 67.10508933123353)
(2.7236572938424453, 0.03149812741355794, 67.1133930388082)
(2.785925562640831, 0.1230122523311235, 67.10886245655409)
(2.8499421439387156, 0.23660145952109368, 67.10982641832902)
(2.949603860187523, 0.4246899510211923, 67.12029897037137)
(3.0303378146203213, 0.5788282541017692, 67.15299781756724)
(3.1054020019794293, 0.745528702621855, 67.22188700193225)
(3.1186717489550237, 0.9207259297294755, 67.2933072829663)
(3.1157249813724257, 1.1327230025881292, 67.3822003745886)
(3.104099573209238, 1.3879697636875226, 67.4651496922161)
(3.111188061156193, 1.582658088858617, 67.49586216362026)
(3.138206201171202, 1.7505662380732627, 67.51291771247021)
(3.186895379570791, 2.005272829382315, 67.54851765829117)
(3.213725528360162, 2.1404552539712105, 67.57385980809288)
(3.2386861027994494, 2.1985549235178556, 67.57247468164783)
(3.291214174011715, 2.1356469147126256, 67.50460360213224)
(4.216517031934482, -3.2741150679482947, 67.66448933464096)
(4.355622809481979, -3.2774974620908095, 67.69089510026852)
(4.440075699356541, -3.27722253866829, 67.72293923390752)
(4.532737115953982, -3.312946159191688, 67.58913592887808)
(4.563035143609638, -3.212152056893863, 67.24465420979529)
(4.598356885580355, -3.191534783720867, 66.95785806204928)
(4.62445194278358, -3.262296122791026, 66.76505609547507)
(4.699357849326581, -3.2828039733866428, 66.60109233248035)
(4.790008153365642, -3.1857694189643024, 66.45345157076468)
(4.804392211917828, -2.911067849845101, 66.3097382671443)
(4.822816558430045, -2.6527638866536694, 66.18840207598052)
(4.792373746662096, -2.3636684288352683, 66.01990791344528)
(4.624005855386616, -2.145721271318081, 65.89899761247148)
(4.389086404299374, -1.9337376243928446, 65.73340422499389)
(4.18628677273364, -1.783839002222387, 65.54939293763626)
(4.008153978156237, -1.6413844866828873, 65.35776781181801)
(3.8446803879722227, -1.5075403461408403, 65.18538859035363)
(3.68899664607944, -1.4141908538600898, 65.01189104002773)
(3.5994514253692924, -1.4908047085210305, 64.87751298783239)
(3.4795140658267836, -1.5060798569349771, 64.73013309616344)
(3.386757185255036, -1.4801475437865028, 64.64950573162469)
(3.3152033289596625, -1.3951666498369875, 64.5915996755369)
(3.284664279566759, -1.2710394283352855, 64.56892338798053)
(3.2582665727357676, -1.1337734266595325, 64.58285610635237)
(3.206155736576788, -1.0251388986742138, 64.62624762669473)
(3.180450981232153, -1.0241680278785847, 64.63685140459157)
(3.150580699328661, -1.018437024124585, 64.68564834670781)
(3.1245380720473968, -1.0165108885910572, 64.74917571099101)
(3.1083983704185805, -1.057066863875953, 64.81929278683384)
(3.105677027172584, -1.1301165192380929, 64.8868822862009)
(3.117731614812971, -1.2131890405930326, 64.95451082665926)
(3.142541228910888, -1.320039927249824, 65.01323930071928)
(3.183572346912861, -1.4432282505089358, 65.06847135742368)
(3.2136949321763395, -1.4969737024300247, 65.10813247906147)
(3.212495651895209, -1.4541138315063955, 65.16078267258031)
(3.197295556726113, -1.4333450973824544, 65.18362018198194)
(3.200774700215977, -1.4238396788667504, 65.21129789251304)
(3.203924593283649, -1.420538814198716, 65.22501449161)
(3.2064646582414427, -1.443449259595499, 65.23875376520051)
(3.2092568087704905, -1.544969004129113, 65.2151810966905)
(3.2245740706190156, -1.6240157611321684, 65.21643514734464)
(3.2353262333230934, -1.7725593944986129, 65.20446899177396)
(3.2615301728154003, -1.9360890747226804, 65.20029763384932)
(3.3271835366008826, -2.083571649291219, 65.19019554569383)
(3.41460122861273, -2.2262304141195557, 65.20866872044996)
(3.5034999163531495, -2.3635397533696083, 65.21839567771598)
(3.5891816541377413, -2.459531452669603, 65.2384116051032)
(3.6809828749470612, -2.539739799312626, 65.23808299323882)
(3.831348496557042, -2.6120381089020963, 65.26686028875244)
(3.960495448683579, -2.6786093888181703, 65.2825002900163)
(4.121396463400153, -2.694478894179787, 65.3011038710095)
(4.288705940757973, -2.6906272368421744, 65.32042595251342)
(4.405064375801972, -2.671594651071827, 65.34269899674337)
(4.522576235439061, -2.599728888760594, 65.37034152218747)
(4.574568843647743, -2.5648938362437232, 65.39484744767906)
(4.605007451007771, -2.5213051847157373, 65.41389903309614)
(4.584755961224169, -2.4752768485588255, 65.43751625092506)
(4.505435435946974, -2.387987079568139, 65.48542945206641)
(4.344805056521922, -2.2854668279956574, 65.53539957866744)
(4.181492481220329, -2.174589779687792, 65.59350044529829)
(4.005363788787551, -2.072091723193394, 65.64224583219224)
(3.8375352602980293, -1.9969512387844153, 65.68208286896039)
(3.6693338480068975, -1.9357086692256682, 65.71676308026521)
(3.5370676537671297, -1.8960350217875563, 65.73581045565129)
(3.4317212042141345, -1.8688229876111317, 65.74626897476226)
(3.3569965313970416, -1.8397829065358997, 65.74286760703446)
(3.350150242968643, -1.80405796646008, 65.72586046757547)
(3.3825028826259342, -1.7595649593604983, 65.71587136155361)
(3.4374311768448025, -1.698282835142326, 65.71419262010963)
(3.506661511233191, -1.6600585424808876, 65.71355737450907)
(3.5603915279302556, -1.618949468323223, 65.71458706456886)
(3.618708827774342, -1.5419497501935677, 65.73346834999919)
(3.6482999281891577, -1.500202648665123, 65.74109444232833)
(3.6657825702449394, -1.448442678477616, 65.76170149292282)
(3.6785355045326185, -1.3910638463434375, 65.80205475057099)
(3.690634279476381, -1.3468787183682034, 65.82791796405657)
(3.702840916162144, -1.296197081972115, 65.86505053628541)
(3.7172377859850485, -1.3055623615025338, 65.88016821627062)
(3.773304110376051, -1.3253938259888352, 65.86331037264232)
(3.853711132205219, -1.3586195871691726, 65.84386216854868)
(3.953596121181915, -1.4198385149806065, 65.81792617956253)
(4.0655882954034395, -1.464480479975674, 65.79601185046084)
(4.191873937207051, -1.5133432668569882, 65.77262266098097)
(4.270484759343225, -1.5743074819539724, 65.76584662588783)
(4.295825494268193, -1.6102121531599642, 65.76513722321057)
(4.310735517507708, -1.6425380468811632, 65.77638794532392)
(4.316220389094613, -1.6542217499003995, 65.78563141878817)
(4.282251081853233, -1.6348208840646383, 65.83254686732216)
(4.236642619744493, -1.6155157781469676, 65.87786133876978)
(4.171405492572654, -1.5945787617521134, 65.92321342669317)
(4.075690517562668, -1.5670000582688872, 65.97386811532836)
(4.006162427441397, -1.5528430232811412, 66.0088757220779)
(3.940577183030129, -1.534242751463023, 66.04425968538747)
(3.9284863633030187, -1.523417390829864, 66.05300351008799)
(3.9346757303132747, -1.5319244240684393, 66.0619512087915)
(3.9488304629358453, -1.5423683926380358, 66.07078132154807)
(3.9601274060739997, -1.5663914860594417, 66.06372477472094)
(3.9667997381446454, -1.585232087823316, 66.06592300137598)
(3.9607839357847183, -1.6046498561137141, 66.07535100752567)
(3.9444269079338325, -1.6305443973116671, 66.07619835281189)
(3.9104977362427396, -1.6710755159999995, 66.07571892153553)
(3.870262763026965, -1.7259891371081797, 66.0733946052703)
(3.822201794297949, -1.7755600744553053, 66.08057688133805)
(3.744812497620958, -1.8237861502351533, 66.08568870063463)
(3.661914284936035, -1.8663574811458183, 66.09940321425681)
(3.557950020597622, -1.9015183351047857, 66.12055998569646)
(3.4320558378404304, -1.9218855273112248, 66.12347452183141)
(3.3428819252573794, -1.925899509644338, 66.124627641902)
(3.2637360080333773, -1.9089361743210473, 66.1402675772443)
(3.1948442497265823, -1.865567251840807, 66.16815722624361)
(3.1335666844944234, -1.8075492005683436, 66.18281823262339)
(3.0799202810039676, -1.7176359804917691, 66.19654271087852)
(3.0587176892659276, -1.6398442562785729, 66.21588373310642)
(3.0607933937041776, -1.5518439394805064, 66.22634388240455)
(3.0808890872712125, -1.4664315919731592, 66.23275071617168)
(3.139298105736409, -1.4038725169901725, 66.23029638176493)
(3.219271790990784, -1.322457963254467, 66.24497520674144)
(3.2726021207099474, -1.2856153629530245, 66.23563931815289)
(3.332312218416521, -1.241128585660379, 66.2272619997364)
(3.4236616897361634, -1.2073096449268015, 66.21505764794244)
(3.5074324245841337, -1.2036446872200246, 66.19764589280189)
(3.5673566031803303, -1.2089541248668645, 66.17016991641414)
(3.6164947646193566, -1.223645020509458, 66.14352429030163)
(4.85636768252672, -0.5957501860105238, 66.95172255435115)
(5.1220812588687235, -0.5438732188030772, 66.9143044429146)
(5.3696841328178175, -0.5264066097772995, 66.87668903151224)
(5.500051756252332, -0.562666803030474, 66.84873003959392)
(5.560791142375697, -0.6239971077319446, 66.81846149272484)
(5.579048148606658, -0.7117895547431566, 66.8097092281484)
(5.52485055271639, -0.7645321228617644, 66.81440241462894)
(5.393307292953777, -0.8454661011149949, 66.82273591156114)
(5.301634891938805, -0.868802516673469, 66.83744001224242)
(5.198891943714666, -0.8842670002732177, 66.85670286103505)
(5.097881899644086, -0.8549043192211867, 66.90559199086069)
(5.00845298349692, -0.8077744044567552, 66.94321381809024)
(4.93123804284515, -0.7330985933595496, 66.98428122437568)
(4.851792569132029, -0.6515369653744165, 67.02254323607436)
(4.753614858092317, -0.5893802595920403, 67.04434573264139)
(4.615985581254377, -0.5562389046586467, 67.0650796795754)
(4.510942209469005, -0.5286655712498458, 67.09263226303838)
(4.402375117914036, -0.5320641595037074, 67.10870642355579)
(4.295265274219106, -0.5531912955541755, 67.11785783270379)
(4.205674060170837, -0.5918349550681872, 67.1041129399485)
(4.13538562615222, -0.6556323748342089, 67.08737699630619)
(4.062045112677427, -0.7538967534726092, 67.04313549153697)
(4.026220142496223, -0.8140966209987471, 67.0173327137303)
(4.012268913268549, -0.8848356963088582, 66.98176492579452)
(4.032220406772096, -0.9142041988305089, 66.95063621794144)
(4.061349451925652, -0.9595540119954239, 66.90440141899509)
(4.112438557311014, -1.0055364972563923, 66.85044480330725)
(4.154604365923186, -1.0048737120888405, 66.81390285677047)
(4.189588090342906, -1.0098885884895523, 66.75767140196838)
(4.204761775605423, -1.013082174838055, 66.72808718165999)
(4.19585624993185, -0.9919140748887945, 66.71705278408895)
(4.165082756538787, -0.9746237065577221, 66.7091767647082)
(4.111233856571302, -0.939526893762815, 66.71062237328843)
(4.034737738950068, -0.8910354749790678, 66.74624159832089)
(3.9242342377577537, -0.821494221342105, 66.78232416633342)
(3.8127266298845135, -0.7498443741172974, 66.83076287421613)
(3.686421886583373, -0.6974426568914065, 66.89576028622128)
(3.588366075029216, -0.6493029131741636, 66.94752250695926)
(3.4982052798764434, -0.6033281645592138, 66.9947409062609)
(3.4376340998600265, -0.5462011067105716, 67.03870877605883)
(3.4050504837516358, -0.49130312684825567, 67.05768735870527)
(3.392017155132851, -0.4611950249579923, 67.06971849529883)
(3.3999133484644473, -0.44786835948805903, 67.06072602651476)
(3.438560596227152, -0.4569549541685988, 67.05083897470702)
(3.490521449974858, -0.4691367108416985, 67.02263675949757)
(3.550720593929667, -0.4744477660262177, 66.99044846014169)
(3.610700951932021, -0.49504856598657515, 66.95280297961341)
(4.750679658795777, -3.337811441754211, 66.52876813736599)
(4.741458106727394, -3.184474154260918, 66.59766010468884)
(4.741083228397685, -2.986927980614012, 66.6459574724982)
(4.749460751763797, -2.7415103921317003, 66.69498151958248)
(4.746901942696641, -2.4357675275218074, 66.72864420524081)
(4.731962459409861, -2.0987888954153777, 66.76184535469109)
(4.704318678904729, -1.7993719342779646, 66.79689375994327)
(4.649057575515233, -1.4381448436852602, 66.82404247379)
(4.585923642830371, -1.191494690645032, 66.81713729499958)
(4.527124493430662, -0.8828559913322969, 66.8170440426389)
(4.45062404717115, -0.4872970925471997, 66.85292537377377)
(4.377706102198844, -0.18356223861874243, 66.86700251175282)
(4.296384349100183, 0.10769692661262639, 66.87101783023998)
(4.247238623697877, 0.33473478695907666, 66.86135721230414)
(4.208176490010949, 0.4920507945795307, 66.83820634888734)
(4.173504433029788, 0.6245222917408061, 66.82044087257907)
(4.141417921290564, 0.7172825206849531, 66.7880214040154)
(4.118566049185544, 0.8197680484847761, 66.7882080502088)
(4.112318513140694, 0.8755766463755503, 66.78371458276104)
(4.103819788440904, 0.8435908702801491, 66.74025050521232)
(4.099616608224443, 0.800208804117948, 66.70417626558132)
(4.09419614854152, 0.7460364199031638, 66.68067587892503)
(4.066222223673741, 0.6738173552387078, 66.6816775451956)
(4.03146067072564, 0.5918886259570085, 66.68230790554851)
(4.017717315704851, 0.49805993301292734, 66.67476928030294)
(4.026466034806884, 0.4089151985387783, 66.6829897230752)
(4.044774832683002, 0.326718606655355, 66.6914381988631)
(4.06724469892756, 0.2411804680738545, 66.69447853203502)
(4.111758049455184, 0.16149124756121455, 66.7219305275223)
(4.164389215319939, 0.08380459783535164, 66.75090263725586)
(4.214358505252252, 0.012292765675619906, 66.78270396844705)
(4.268236347497751, -0.06551456234715886, 66.80005332126744)
(4.315288354874889, -0.12730477443550617, 66.82340947369065)
(4.355306799267462, -0.16434993428108066, 66.86774728533204)
(4.344881162114629, -0.21734501624462874, 66.91251780081329)
(4.318866538646915, -0.2462580901769346, 66.95330111450926)
(4.281546332258244, -0.29120063776813043, 67.01258408631205)
(4.239266369689463, -0.3479324780381387, 67.05279263196805)
(4.179078810696195, -0.421955880874127, 67.07822977059057)
(4.097370993034471, -0.5220800493626769, 67.10727395283695)
(4.033399813297668, -0.5962127014436945, 67.1440129292188)
(3.9724086301179256, -0.664121747115161, 67.18720604820302)
(3.9120499219449787, -0.7370505496477562, 67.21382611369309)
(3.8869643271190597, -0.7848836090600271, 67.24265890694153)
(3.8884740007534386, -0.8315392788287734, 67.28507471870923)
(3.8924503292881734, -0.867556564390838, 67.30657858355922)
(3.891370695323478, -0.8996427842431941, 67.32081420574815)
(3.8991273836918254, -0.8938716965624752, 67.35250363682879)
(3.922977460910298, -0.8525877415326277, 67.37914757781651)
(3.948304630492536, -0.8300449317835735, 67.3986661938372)
(3.9767210931365065, -0.8070286245269263, 67.4133122762673)
(4.004753569598961, -0.777021469352241, 67.42280638990283)
(4.013939017944321, -0.7597501611991726, 67.41927606983745)
(4.0152446767914265, -0.7485509971729509, 67.40802671895221)
(4.012826276399631, -0.7433042412407823, 67.39339496047975)
(4.017910026013225, -0.7300672494374224, 67.384255014694)
(4.025079364766039, -0.7160102935605054, 67.37467160491865)
(4.011064102360678, -0.7358316532717432, 67.3404784881253)
(3.9921003701006934, -0.7417163443690147, 67.32731181376914)
(3.9722830543051217, -0.7348764983648558, 67.31834276365998)
(3.9395733954773124, -0.7577025263831599, 67.30605199312693)
(3.9258056266336214, -0.7639008037458751, 67.28707768213673)
(4.168327303295797, -0.8255162300693748, 67.21999075624683)
(4.462517805137999, -0.9030966126683473, 67.1136021222042)
(4.7275876841793, -0.9666548793952452, 67.02603922058773)
(5.007358987096719, -1.0568559813129612, 66.92750877843457)
(5.239781591595586, -1.1098893910813772, 66.84810186906874)
(8.23414081747334, -0.8731513655661168, 66.04341490355405)
(7.953965367393432, -0.7322092031343779, 66.16187097895272)
(7.651972529124326, -0.6069457047942844, 66.28085066524463)
(7.34849047687505, -0.4844015829201062, 66.37947380846099)
(7.008258430798234, -0.3779254223706657, 66.48851986847916)
(6.383748380730018, -0.28952916623784314, 66.63538041425295)
(5.936696664630677, -0.2649277757772819, 66.71896685673123)
(5.574973515360435, -0.2751846971497747, 66.76408193797236)
(5.228659615483491, -0.288367812666464, 66.8272691942888)
(4.908542037993794, -0.3021620724255575, 66.88284518232122)
(4.605225589293953, -0.3121141599527992, 66.94040660952805)
(4.3473101896669055, -0.32374450961479767, 66.98611103744997)
(4.155748415985953, -0.32959134322042377, 67.02552620593612)
(4.01762937922585, -0.3188562580963497, 67.05870660310019)
(3.943200583079455, -0.3227279327802418, 67.08714774694765)
(3.9118574636335905, -0.3184897590175704, 67.11203688368046)
(3.9248331313059737, -0.30562384499720013, 67.12071113693584)
(3.962065516048643, -0.30141799688665327, 67.11019754375502)
(4.014729055618743, -0.3119817420695389, 67.09309304147301)
(4.0992049366597465, -0.3159950818000431, 67.0677007470532)
(4.1833025775065025, -0.32736305543009997, 67.04137029512651)
(4.283502084484268, -0.3512000185518487, 66.99664076957907)
(4.383218376374319, -0.3662139456957033, 66.95605974073506)
(4.442692284181444, -0.37685729961101144, 66.92127325563928)
(4.496043123996409, -0.39489124902538114, 66.87270988513087)
(4.5165036635783355, -0.4245295805197668, 66.85532221017979)
(4.52462667479652, -0.4424566606618494, 66.83902193670592)
(4.504645878114164, -0.4539908492150667, 66.82358435228316)
(4.497262241165366, -0.47293694583429796, 66.8074669061489)
(4.483211011143552, -0.4998850409868411, 66.7919302825602)
(4.460306720908384, -0.5191254661517963, 66.7714943968905)
(4.441347806093486, -0.5396380838398729, 66.74056567563609)
(4.413018974400712, -0.5776287513345707, 66.656418309909)
(4.378312832760501, -0.5922750783756597, 66.58504067345264)
(4.359476283153757, -0.5826207854778326, 66.5168465219725)
(4.340296624053137, -0.5722788387106365, 66.45503917940357)
(4.322630470740736, -0.5698673305914645, 66.39529631253649)
(4.295681954203601, -0.5737287258879045, 66.33613720003991)
(4.272227676831484, -0.5646693242156507, 66.30334120547654)
(4.246226663917437, -0.5516474928030154, 66.27660111931688)
(4.205510117101065, -0.5191776448362595, 66.27575838445443)
(4.18506080512722, -0.4670386727963044, 66.30999913442582)
(4.190948387239518, -0.41067077182836575, 66.34185216179046)
(4.194869257487841, -0.3667783122054718, 66.38291289916012)
(4.190019514609371, -0.3365122690976252, 66.41618868017439)
(4.182651530742032, -0.29301395272682046, 66.46516455151857)
(4.180435976365044, -0.24039555068584095, 66.5017278441804)
(4.171993829346863, -0.19661412295971803, 66.51572269042508)
(4.156313229471443, -0.1496576714163713, 66.52759084214388)
(3.2690954444543325, 0.40698931773833613, 67.39884616819438)
(3.236124988648614, 0.39846679621611875, 67.43313059169856)
(3.3428992490497693, 0.33701253288802435, 67.44328289934508)
(3.529844406355193, 0.2256297577137992, 67.4234563627976)
(3.818879094860641, 0.059842164144121836, 67.3670267185665)
(4.114278438213456, -0.09506014874823158, 67.31800922433358)
(4.402628578355805, -0.2466915098204618, 67.24602258259044)
(4.768054346931697, -0.40073684332314047, 67.14926680955632)
(5.086735931527161, -0.5247838470642301, 67.05856297106585)
(4.804359717559186, -0.8134415620704708, 66.57145939502409)
(4.699757705512137, -0.8333188321867521, 66.6261008580762)
(4.580848525674743, -0.858070836897864, 66.647195947953)
(4.451982947765197, -0.8898498103643073, 66.67503551851179)
(4.354377540134619, -0.9214464612580461, 66.68951573922004)
(4.2687820351116725, -0.9514849898085318, 66.69538987910289)
(4.190937992849888, -0.9776317867886707, 66.71935927703349)
(4.108211301813772, -1.003741250512516, 66.74402912221736)
(4.011560967833534, -1.0381081125224747, 66.76421143241792)
(3.9214355802421657, -1.0688220033042681, 66.77167905100778)
(3.859820556357302, -1.0861323224115345, 66.76593300149618)
(3.879765226129424, -1.1037864624655145, 66.78200408421078)
(3.918976382426454, -1.1197781787187338, 66.77692817389791)
(3.956398079352589, -1.1351312603678974, 66.77692164804833)
(4.0151781406078735, -1.1359084364282157, 66.77650675858517)
(4.075253199992457, -1.130646327042943, 66.77499444865163)
(4.152152672337886, -1.1370114846088992, 66.76631348253382)
(4.197046566101705, -1.1371919455158537, 66.77687702744214)
(4.238750649621667, -1.1346900320245457, 66.80404179096514)
(4.274005024215045, -1.1259668315093967, 66.83193463981232)
(4.297686563046616, -1.1196702389614313, 66.85643214893021)
(4.301416872714694, -1.112300475408461, 66.8817262590647)
(4.312000773783949, -1.0919022599402382, 66.89919950352754)
(4.296914486787032, -1.0791893252970628, 66.93413505708969)
(4.255468161827653, -1.0755002571954686, 66.97344460666895)
(4.2055490498597194, -1.0657348587245579, 67.00132732395979)
(4.160640159215051, -1.0581387905146111, 67.02984357545346)
(4.085877976290521, -1.0623773236426708, 67.04225166869196)
(4.021597092393887, -1.0661725292806903, 67.04427413815122)
(11.737519744446972, -1.5443072121715715, 64.41506460331429)
(11.380394033541046, -1.6136830784663876, 64.57629321852055)
(10.315862916862551, -1.7613190838312451, 65.08023173063891)
(9.996835779275127, -1.7923599174298832, 65.20448096770052)
(9.700920799545127, -1.8244884518487952, 65.30065227248471)
(9.433492264484377, -1.8554060081947652, 65.35265141760107)
(9.17510805503739, -1.8955631501758738, 65.4077818071962)
(8.921039049816128, -1.8684792537039367, 65.47609056869155)
(8.712221546593804, -1.8296718845007411, 65.5161131140555)
(8.498389524336638, -1.7952859675030273, 65.54660454840241)
(8.314132701346226, -1.7541516896325455, 65.5773537156732)
(8.114458960101146, -1.7112942129843025, 65.6190930400805)
(7.867173272238546, -1.6805540405896249, 65.67553476040132)
(7.631699452224185, -1.6598706723101846, 65.73652950057175)
(7.385505320495545, -1.635114574059519, 65.81123911709727)
(7.119022818693102, -1.6049057434629466, 65.89895610861903)
(6.855266157855589, -1.560921449129048, 65.98247006164733)
(6.585884709563753, -1.5105340820157127, 66.07741642356113)
(6.296195194643826, -1.461642372283416, 66.18820364871708)
(6.018224058490862, -1.4184634953287536, 66.29102818206293)
(5.702501195920388, -1.3623695618401506, 66.41073204564887)
(5.518881446158723, -1.322851918571504, 66.48529613364724)
(5.3423095468155, -1.2569995709294797, 66.56805801291611)
(5.17585573250283, -1.1896279899496363, 66.65880651878163)
(5.072060106011063, -1.1362745336320241, 66.71269602717075)
(4.995741351590795, -1.0954932173137264, 66.7486919490929)
(4.951381273405685, -1.0635558802173595, 66.78352569526888)
(4.916221822819969, -1.038978038023965, 66.8178232961443)
(4.8589327794931165, -0.9938622129754794, 66.85421082953272)
(4.774777391178236, -0.9514823258947223, 66.89601314472714)
(4.650042298865361, -0.8848083363495152, 66.93768886695663)
(4.508893328459472, -0.8276396254878988, 66.98172433542636)
(4.361154848504917, -0.7756297787805294, 67.02317944034458)
(4.1928000794318665, -0.7067505065687071, 67.06117186085858)
(4.0899311175591, -0.6661608679759374, 67.09949473961207)
(4.010304017894313, -0.6423951542691043, 67.12010641638877)
(3.9311546332204785, -0.5993784118130909, 67.13821375601927)
(3.8873637377875734, -0.5734336044978763, 67.14684998094855)
(3.8734716424644793, -0.561749226892911, 67.13328355035598)
(3.898961371376439, -0.5533840970695556, 67.13304214509498)
(3.933443597710191, -0.5509784125195473, 67.12713411159503)
(3.9687549253409973, -0.5293548926884846, 67.12795118462421)
(3.9819081610543545, -0.5054125140504713, 67.14589774480545)
(3.9660776418595463, -0.46975439108953304, 67.17050285328882)
(3.9369311105820284, -0.41895071082902846, 67.20247263873536)
(3.90598693780464, -0.3815540445687365, 67.23000141000576)
(3.8710428170347186, -0.33575328981813995, 67.276976287921)
(3.860789057294692, -0.3156497256554091, 67.32213384727784)
(3.858823221847782, -0.30914461310306046, 67.34580129184799)
(3.8537756938521097, -0.3022408740979048, 67.36389529471802)
(3.855919202446141, -0.31075220246438484, 67.36370448669824)
(3.879780648857712, -0.332723897051616, 67.34989646108066)
(3.933312047173333, -0.3602986718087658, 67.30239528878793)
(3.9884293053984723, -0.4131116472916328, 67.24514508187968)
(4.037852610104911, -0.4712922823223146, 67.17593704622399)
(4.082558146179983, -0.5142999803466096, 67.10757210435695)
(4.121642648334562, -0.5339783724796706, 67.03176660200963)
(4.16231477667215, -0.5556871062877142, 66.96456102953502)
(4.207092027306738, -0.5679134402937543, 66.90974677286354)
(4.263843927821801, -0.5785415145509956, 66.86225206085517)
(4.315042599851464, -0.5719467575474768, 66.80659939295587)
(4.32882525921176, -0.5568028069946717, 66.78302476704259)
(4.331104344773952, -0.5165068013522831, 66.77191857630362)
(4.345866870095499, -0.47000596575653364, 66.77209493439973)
(4.373203779327, -0.42488869551202985, 66.77232478057844)
(4.400776485945068, -0.3869634771492891, 66.76869673933912)
(4.416172220483857, -0.35190195473274066, 66.7756284726997)
(4.404588136782523, -0.32585447691978603, 66.78408299887765)
(4.352534224902712, -0.30378056356572286, 66.81828681131228)
(4.29478446435449, -0.29746301311809814, 66.83649385151692)
(4.226540032105533, -0.3028702788640941, 66.85324667184155)
(4.17713608672296, -0.3183840969067018, 66.86932058566117)
(4.142624117855337, -0.3386830559817329, 66.8827083755032)
(4.090626724674344, -0.3732506498751811, 66.91057113154024)
(4.0375212716083295, -0.40552823383378456, 66.93767121232914)
(3.976495324872861, -0.4495657794786638, 66.96155874329321)
(3.9057232490988607, -0.4790641794131903, 66.99230879362138)
(3.850233574343798, -0.5026698237729215, 66.99328083114166)
(3.7946057150811643, -0.5244481343230231, 67.02601350028573)
(3.7297762346240475, -0.5335479489621651, 67.07537342843008)
(3.6536634632310867, -0.5389020631443334, 67.11845019317447)
(3.544506432162722, -0.5408405031470335, 67.17321570585167)
(3.4529974938338635, -0.534010371281588, 67.20822252543503)
(3.3669834495656, -0.5145523520499593, 67.24441994916124)
(3.2819114667137286, -0.4694333943849313, 67.2907477715936)
(3.2452337233176354, -0.44490219191062436, 67.32069437741586)
(3.2051628365158233, -0.42923022333309674, 67.36987507141014)
(3.1980025300464314, -0.3992732514418174, 67.38692177356576)
(3.215047750989811, -0.36805731516407464, 67.39103662893915)
(3.250703711086737, -0.33847134227097936, 67.39318171299618)
(3.2953423010779757, -0.2949184828673996, 67.39007013574145)
(3.346201902331735, -0.26053538485244054, 67.3829127203292)
(3.390443940341391, -0.2405290929804922, 67.36371157159039)
(3.433671368502691, -0.23024817576612444, 67.34338170487986)
(3.538995781198293, 0.1989389931519019, 66.76378292796454)
(3.2801318289760997, 0.23777643218414654, 66.78780266406994)
(3.105886698952341, 0.2833768568138024, 66.80068137684161)
(2.981606387698573, 0.3200244525089584, 66.80623879426147)
(2.9453899151419836, 0.3365039670201407, 66.79998578803998)
(2.9984088071200983, 0.3358260460816982, 66.78290941799568)
(3.111009113801219, 0.29247414100460734, 66.74372587831388)
(3.251680235854393, 0.23744833317155092, 66.71177779262545)
(3.455402259638811, 0.08547318951067075, 66.66088514571146)
(3.635377780032144, -0.07895000136569374, 66.6029793108488)
(3.802859004810229, -0.22339671129281893, 66.55466521300748)
(3.9727898695617263, -0.3238196600469267, 66.51993995282852)
(4.132941074324039, -0.4124382728707001, 66.46968035902206)
(4.259127839917741, -0.4544138722560069, 66.43981519053435)
(4.376978653429041, -0.45877552492425416, 66.40479774529705)
(4.453749119879843, -0.4406520410698598, 66.39782491793598)
(4.479857576971731, -0.38572075739470324, 66.40355763318489)
(4.479518998570962, -0.29836724109613244, 66.42246443190592)
(4.463751776772087, -0.1630197265186746, 66.46359652647017)
(4.4571142646682835, -0.009375567385720665, 66.5185705377565)
(4.443225721940305, 0.037420372318856095, 66.53190833355389)
(4.434634300249734, 0.09735615502817657, 66.56098470707501)
(4.4309323714534, 0.12071557875378072, 66.58680861283895)
(4.4297334299666735, 0.10270949216791145, 66.60881527761957)
(4.410877168504124, 0.086334350850563, 66.63757936022512)
(4.417114196222031, 0.07267594782753942, 66.65537192922461)
(4.403648650450918, 0.05929074787561549, 66.66755489784204)
(4.389332606237812, 0.042206074847251134, 66.68220995630067)
(4.3683564657007095, 0.021770170004987405, 66.68406278415011)
(4.314827904940498, 0.0032985351149094943, 66.6914503646044)
(4.257751390593914, -0.006860223159611194, 66.70257507469786)
(4.187755999716285, -0.025624995533562157, 66.68145003807533)
(4.085749318282873, -0.0424243802384337, 66.62754277833875)
(3.9907292608108484, -0.047609620641087126, 66.57101677658937)
(3.9003533482395687, -0.06332611410842462, 66.50362166280186)
(3.812409217067863, -0.07624028201644094, 66.42292983927904)
(3.7367625710047863, -0.09475982613439629, 66.34939937521662)
(3.6741823599972703, -0.0883840654926538, 66.28862512295565)
(3.645005903059981, -0.07626827686406863, 66.23310611108032)
(3.6210627140675866, -0.06266129868364488, 66.18342794516946)
(3.621460230147781, -0.05187865932920264, 66.1492067407181)
(3.622620055495324, -0.032689313737917836, 66.13498527222278)
(3.6218310229259734, -0.018178130307682484, 66.12759566493817)
(3.6236532586646963, 0.01261255225619816, 66.13581024056815)
(3.6170400958834175, 0.04408028001003347, 66.150967291698)
(3.618728410808385, 0.09269370125592542, 66.16349057287437)
(3.6258135531985203, 0.11792028955173547, 66.183733329117)
(3.635734472183726, 0.149083536785061, 66.20904881990435)
(3.6269945764415796, 0.16068817877137695, 66.23727635694773)
(3.6200958697363874, 0.19323157450490153, 66.26609535013083)
(3.6178308966034707, 0.20642901724021456, 66.28676070239138)
(3.624300017497035, 0.21775844182650608, 66.31015602871261)
(3.635990622760936, 0.22952361229338739, 66.32344100035368)
(3.6542571611790975, 0.2122899730190445, 66.34276922618774)
(3.676946546673665, 0.19654946820931646, 66.35307189776177)
(3.69774230703867, 0.17531448024760002, 66.35058587072754)
(3.720279448366972, 0.147784619318137, 66.33492508362774)
(3.75692326744392, 0.14146956375750647, 66.31852266367136)
(3.78756139490167, 0.11528473247332287, 66.30744748559326)
(3.8125399304083922, 0.09264266464458105, 66.3043238940888)
(3.83408949280132, 0.067350638458651, 66.29310675703735)
(3.850719644641481, 0.029126732390704575, 66.27761236943542)
(3.864077398879614, 0.016067704257216018, 66.26349157734569)
(3.8697108117748393, -0.003566825540752465, 66.25756046060827)
(3.869473407598022, -0.012746241926394888, 66.25216750292408)
(3.864509755738006, -0.021367807756409802, 66.25139341713728)
(3.84873993934637, -0.04113881176339351, 66.2500596614515)
(3.839443509228476, -0.0631650181110951, 66.24930273178633)
(3.8333240132163464, -0.06413489296458882, 66.23940265392632)
(3.8274915199284023, -0.0918854223512704, 66.23102593445633)
(3.8216557394147883, -0.09622888909794428, 66.2362652333746)
(3.8197829521406845, -0.10355303643405818, 66.23423409945224)
(3.8130211670951715, -0.12594214318460936, 66.23717032281603)
(3.796553440602721, -0.15368340132624345, 66.24530225157419)
(3.7634097968537077, -0.19606140762482907, 66.25004263767927)
(3.7437873619804454, -0.20692344478479938, 66.2590288142803)
(6.699507830214052, -1.081230086426186, 64.0661130300576)
(6.854104603409483, -1.1815614714176093, 63.930437911417144)
(6.9540291610629, -1.1540194753253452, 63.86852468458192)
(6.94439794567765, -1.090230949555778, 63.8673297984876)
(6.886279657419309, -1.0175142672797655, 63.8830935830398)
(6.8454419978516965, -0.8888461780122312, 63.93113071281045)
(6.852018667424211, -0.7996976270257449, 63.965431769927186)
(6.833885187790123, -0.6879656880872297, 64.03269514740263)
(6.825475869578732, -0.5745964385578528, 64.1086742002124)
(6.836473608189119, -0.469644329146879, 64.17318408884863)
(6.83444859143057, -0.3682904144218783, 64.26106039636798)
(6.762273516613739, -0.3138222606330648, 64.35315403115139)
(6.646918315297617, -0.2587452889929473, 64.4664524972995)
(6.457828765703154, -0.18952210724333474, 64.61975842122142)
(6.25632537119975, -0.15531900213002858, 64.73499425239868)
(6.00667229225504, -0.12800264246422582, 64.8585817661642)
(5.716387259161678, -0.11672876836719179, 64.97329471572394)
(5.409309342520455, -0.09963469368281001, 65.08553292873913)
(4.345840033933857, 0.001077650990119022, 65.38053139228137)
(4.019975912445811, 0.05083054476714448, 65.46780001134417)
(3.7829954422089487, 0.08347466789154585, 65.5258214582077)
(3.5576889697766743, 0.10683148842196033, 65.57599557837021)
(3.2502790388538196, 0.1398511651450894, 65.65558297567816)
(3.0690756742145346, 0.15400844136049827, 65.70281831660347)
(2.817624779467942, 0.14342123040116309, 65.76193032955553)
(2.637033097389687, 0.1213048147779714, 65.80861420925777)
(2.4841315808903564, 0.0650428725747904, 65.8542624400212)
(2.3507024390299787, -0.007476066212194539, 65.88434616673621)
(2.2476883141385597, -0.07846625500991498, 65.90373829828671)
(2.181186709954221, -0.14691824145068155, 65.94457256923654)
(2.1582246135310457, -0.20884486565952276, 65.99585229322018)
(2.1880833462483853, -0.24323432950163076, 66.01790517655424)
(2.2587722783543582, -0.2578431529361137, 66.0434852498712)
(2.3578872568602853, -0.24693518307316076, 66.07801355410531)
(2.4716443154216177, -0.19739093074640116, 66.10066787051916)
(2.6021401786279936, -0.11022627577568424, 66.1429290073961)
(2.7330191450476597, -0.021647386521199675, 66.16118133253752)
(2.8652667476901215, 0.07050297426988769, 66.16802655163916)
(3.003866027523903, 0.1782603225257207, 66.15429449653966)
(3.1146015182225155, 0.25610587098025633, 66.13950138889955)
(3.199374304242239, 0.3400487897426811, 66.1325248027243)
(3.230290330399948, 0.39177179731480716, 66.13523994080656)
(3.2539577082238673, 0.43806600607728075, 66.14964293638897)
(3.2765166020406453, 0.43714492880822253, 66.16172419474663)
(3.2972839881526306, 0.39945220054842284, 66.16054604882422)
(3.3075246044002498, 0.3368093898995015, 66.15946868318088)
(3.3055281585755396, 0.2536135269849187, 66.16190180874135)
(3.309317726935593, 0.1558553287552758, 66.16862458073224)
(3.3137094314916276, 0.018935909779704236, 66.16669118568218)
(3.34034528091655, -0.09932129324499912, 66.15305029053373)
(3.400262878977738, -0.24256770350015405, 66.10771348720455)
(3.4767279057161624, -0.3617620500741741, 66.06218717659988)
(3.539953869638446, -0.46751577847396864, 66.01504489587259)
(3.6003869824929287, -0.5504550150075401, 65.96022955020528)
(3.6366370807485433, -0.5723019506284966, 65.92470970298045)
(3.6710550673189326, -0.5824689098507353, 65.89531482376537)
(3.7205478826055343, -0.5713097157111903, 65.85264968390472)
(3.746637358506007, -0.5307911117819282, 65.82719577187109)
(3.759892703617367, -0.4978974224772344, 65.78912850067844)
(3.74854056063922, -0.42844017185736816, 65.7728738967304)
(3.719043330371293, -0.37701773565587543, 65.73248247129577)
(3.6862924721191916, -0.3162383658053097, 65.68749274681046)
(3.6680696768433334, -0.2602476329961761, 65.64343755661896)
(3.6573844774202646, -0.233311681642134, 65.60128253494786)
(3.639995910148341, -0.19442800925744264, 65.55676940999349)
(3.621472690008942, -0.16477025155890485, 65.5152087612194)
(3.6088194098375106, -0.1357481744926835, 65.47040691203627)
(3.6055618286941153, -0.09827100750031655, 65.42664197670686)
(3.607592680207242, -0.08331131343166553, 65.38172104963395)
(3.605978048051541, -0.05656668513971395, 65.34943836114236)
(3.5974264828741136, -0.04491173990220567, 65.32692686646024)
(3.589831102385594, -0.028253362353951268, 65.31566882955498)
(3.5778894095402847, -0.0016117635374802066, 65.3063681906028)
(3.558889881567236, 0.026579849397717802, 65.29855904628994)
(3.5565690306348747, 0.047676961820934595, 65.28625577347229)
(3.5899344495147347, 0.0682538066126721, 65.27303172417803)
(3.645948679724022, 0.0968578847868265, 65.26740168486761)
(3.7126289873059926, 0.08765374999035128, 65.26178672796301)
(3.7651738044655803, 0.06784161234912509, 65.27138300354231)
(3.741658571422858, 0.0610155861347841, 65.2858830729564)
(3.695898005495555, 0.07991996274193036, 65.32088401834997)
(3.6723229224077913, 0.12288321511280859, 65.37253951661594)
(3.6752125428271802, 0.1399215654903329, 65.41211573229471)
(3.6856083527911436, 0.16754089126966357, 65.46174966038798)
(3.6782200237756295, 0.1926820145021011, 65.50915271307406)
(3.630847568177147, 0.18180990549615236, 65.53052831902102)
(3.5757487657394433, 0.20154880966049718, 65.55332855609313)
(3.528119180850509, 0.25592268242575583, 65.57287945843122)
(3.58652921185845, 0.3333724039861236, 65.59551594089812)
(3.727220732067773, 0.40114827800236746, 65.58874960259011)
(3.8487786722248334, 0.4271913671201372, 65.56527251795542)
(3.956591136014052, 0.4718408846612391, 65.53851327439733)
(4.020018882246706, 0.527289696016738, 65.5257061284939)
(4.044340450494712, 0.5812230988209895, 65.49665709798722)
(4.100983855808829, 0.9560324651908172, 67.16510441589521)
(4.428493137186458, 0.9448595367754191, 67.07824746175675)
(4.650305272851978, 0.9358522677232862, 67.02730119227495)
(4.861979283476377, 0.9000287034221898, 66.98341784556716)
(5.032806928637938, 0.87366921122624, 66.95479830810757)
(5.117016028382505, 0.8523630286997277, 66.9686218180899)
(5.077814165236127, 0.8148671058668526, 66.97328948619672)
(5.1336832513663, 0.7878594476811559, 66.94312279771323)
(5.141531578998295, 0.7627229849539409, 66.95217595139945)
(5.099787670689665, 0.7622598713837861, 66.97922407086477)
(5.0248796730974705, 0.774050552457436, 67.00469353523918)
(4.848190345763228, 0.8425405855620147, 67.08194964601309)
(4.606852707993078, 0.956685358284632, 67.16006698856832)
(4.397789442013396, 1.054070658444963, 67.2089101418168)
(4.183172880702573, 1.1451030473005899, 67.26429971004337)
(3.97818888249354, 1.2680207802459602, 67.32786271868002)
(3.819617215775116, 1.3687026348003457, 67.37081815077227)
(3.6395231812541406, 1.4824918220328394, 67.4097286446569)
(3.4208418998799894, 1.5613643871405296, 67.45965326705421)
(3.1794952352877446, 1.6340104977873966, 67.51372190751427)
(2.9491719785422617, 1.676633662139175, 67.54467442318018)
(2.806645613126557, 1.6738320298552063, 67.56516603191422)
(2.799782010982377, 1.6127791548760297, 67.62186790590921)
(2.870403450741968, 1.4986027274180231, 67.58290648784445)
(2.9952869592810427, 1.387677313657076, 67.5424121452429)
(3.165543917122572, 1.2672096235464165, 67.48855047344092)
(3.337212144798654, 1.1395480022664317, 67.44813710296185)
(3.5128787726161357, 1.011915015501803, 67.39397005414158)
(3.714946935786901, 0.8602225101329727, 67.32603732792711)
(3.801883828739733, 0.7138444906287672, 67.29422701155494)
(3.8637101304359116, 0.5894767380407564, 67.24596360721158)
(3.832286846765985, 0.5345768128348511, 67.16790508040386)
(3.726831710556249, 0.51189765150438, 67.1678524500895)
(3.5599835032457636, 0.46080151230353733, 67.15617301426062)
(3.4201784001715114, 0.4211388032762538, 67.15466631944692)
(3.259958209276651, 0.3913780017133784, 67.15352532624352)
(3.1058698403789062, 0.3707215726771287, 67.16558210938392)
(2.908183218467858, 0.3653906205062252, 67.20322250700261)
(2.7945874503161536, 0.3166720123231583, 67.18221142799852)
(2.7051739500180827, 0.31865259430260495, 67.21483558197001)
(2.598243172182595, 0.3721444282459118, 67.284435642812)
(2.4223818700308155, 0.46026285998734606, 67.36076389054264)
(2.2352647305213433, 0.5585103552490118, 67.44053728651687)
(2.034590361505951, 0.6434627039592002, 67.53030483002512)
(1.7906242721469339, 0.6616896325009503, 67.613108158693)
(1.562436802459425, 0.6035718757305099, 67.67032435754031)
(11.015575245298002, 8.28294127255485, 65.8174037104602)
(34.11219372689469, 2.995911704375561, 43.396878953499616)
(34.13811749782142, 3.1130140024161213, 43.74148018019957)
(34.16129256795863, 3.1613610695698005, 44.036769913073655)
(34.211998603812035, 3.2065560145039766, 44.446298655155715)
(34.24133472617748, 3.1985147997062846, 44.73172144906669)
(34.269237274302334, 3.1422949894139105, 44.93307454073602)
(34.30345319375134, 3.1150375148985727, 45.0193311010088)
(34.357767589854255, 3.133083970019623, 44.98928009369937)
(34.419854365374064, 3.1951164028259815, 44.99061914433176)
(34.478361355830266, 3.2521506842323893, 44.91433231905215)
(6.580405338679502, 4.386732506959525, 66.52128841831009)
(6.461404258307968, 4.2972630043397, 66.57081746048523)
(6.304008032885718, 4.302399467553183, 66.55814856896457)
(6.104658843187033, 4.269186797271215, 66.51720794538605)
(5.89800011206858, 4.223901086716708, 66.44999958535611)
(5.743564108132125, 4.141958640710658, 66.38722534836297)
(34.266472114468925, 2.2000593490616884, 41.97222298932653)